{
 "cells": [
  {
   "cell_type": "markdown",
   "id": "ea4b7cc4-4743-4555-ba9d-31856132f962",
   "metadata": {
    "deletable": false,
    "editable": false,
    "slideshow": {
     "slide_type": ""
    },
    "tags": []
   },
   "source": [
    "# <center>ML Basics </center>\n",
    "## <center>Inclass Project 1 - MA4144</center>\n",
    "\n",
    "This project contains 12 tasks/questions to be completed.\n",
    "\n",
    "After finishing project run the entire notebook once and **save the notebook as a pdf** (File menu -> Save and Export Notebook As -> PDF). You are **required to upload this PDF on moodle**."
   ]
  },
  {
   "cell_type": "markdown",
   "id": "fc927cf7-fbea-4684-b942-8a9405400822",
   "metadata": {
    "deletable": false,
    "editable": false
   },
   "source": [
    "Use this cell to use any include any imports"
   ]
  },
  {
   "cell_type": "code",
   "execution_count": 1,
   "id": "61792cd0-155b-436c-8ebe-82933548d92d",
   "metadata": {},
   "outputs": [],
   "source": [
    "import pandas as pd\n",
    "import numpy as np\n",
    "import seaborn as sns\n",
    "import matplotlib.pyplot as plt"
   ]
  },
  {
   "cell_type": "markdown",
   "id": "a3c3f445-ab74-4697-86b9-8ffec429d923",
   "metadata": {
    "deletable": false,
    "editable": false
   },
   "source": [
    "## Section 1\n",
    "\n",
    "In this section we will analyse a dataset to look into its statistical propeties. For this we will use the DiabetesTrain.csv dataset. Each row corresponds to a single patient. The first 8 columns correspond to the features of the patients that may help predict risk of diabetes. The outcome column is a binary column represting the risk of diabetes, outcome 1 : high risk of diabetes and outcome 0 little to no risk of diabetes."
   ]
  },
  {
   "cell_type": "markdown",
   "id": "4a950e4d-c397-47a9-b041-46ba72d5d95c",
   "metadata": {
    "deletable": false,
    "editable": false
   },
   "source": [
    "**Q1.** Read the dataset into a pandas dataframe called diabetesData. "
   ]
  },
  {
   "cell_type": "code",
   "execution_count": 2,
   "id": "31a4ad00-0298-4de0-b952-de1ac4990e7d",
   "metadata": {
    "scrolled": true
   },
   "outputs": [
    {
     "data": {
      "text/html": [
       "<div>\n",
       "<style scoped>\n",
       "    .dataframe tbody tr th:only-of-type {\n",
       "        vertical-align: middle;\n",
       "    }\n",
       "\n",
       "    .dataframe tbody tr th {\n",
       "        vertical-align: top;\n",
       "    }\n",
       "\n",
       "    .dataframe thead th {\n",
       "        text-align: right;\n",
       "    }\n",
       "</style>\n",
       "<table border=\"1\" class=\"dataframe\">\n",
       "  <thead>\n",
       "    <tr style=\"text-align: right;\">\n",
       "      <th></th>\n",
       "      <th>Pregnancies</th>\n",
       "      <th>Glucose</th>\n",
       "      <th>BloodPressure</th>\n",
       "      <th>SkinThickness</th>\n",
       "      <th>Insulin</th>\n",
       "      <th>BMI</th>\n",
       "      <th>DiabetesPedigreeFunction</th>\n",
       "      <th>Age</th>\n",
       "      <th>Outcome</th>\n",
       "    </tr>\n",
       "  </thead>\n",
       "  <tbody>\n",
       "    <tr>\n",
       "      <th>0</th>\n",
       "      <td>1</td>\n",
       "      <td>95</td>\n",
       "      <td>74</td>\n",
       "      <td>21</td>\n",
       "      <td>73</td>\n",
       "      <td>25.9</td>\n",
       "      <td>0.673</td>\n",
       "      <td>36</td>\n",
       "      <td>0</td>\n",
       "    </tr>\n",
       "    <tr>\n",
       "      <th>1</th>\n",
       "      <td>1</td>\n",
       "      <td>95</td>\n",
       "      <td>82</td>\n",
       "      <td>25</td>\n",
       "      <td>180</td>\n",
       "      <td>35.0</td>\n",
       "      <td>0.233</td>\n",
       "      <td>43</td>\n",
       "      <td>1</td>\n",
       "    </tr>\n",
       "    <tr>\n",
       "      <th>2</th>\n",
       "      <td>1</td>\n",
       "      <td>90</td>\n",
       "      <td>68</td>\n",
       "      <td>8</td>\n",
       "      <td>0</td>\n",
       "      <td>24.5</td>\n",
       "      <td>1.138</td>\n",
       "      <td>36</td>\n",
       "      <td>0</td>\n",
       "    </tr>\n",
       "    <tr>\n",
       "      <th>3</th>\n",
       "      <td>7</td>\n",
       "      <td>195</td>\n",
       "      <td>70</td>\n",
       "      <td>33</td>\n",
       "      <td>145</td>\n",
       "      <td>25.1</td>\n",
       "      <td>0.163</td>\n",
       "      <td>55</td>\n",
       "      <td>1</td>\n",
       "    </tr>\n",
       "    <tr>\n",
       "      <th>4</th>\n",
       "      <td>0</td>\n",
       "      <td>180</td>\n",
       "      <td>66</td>\n",
       "      <td>39</td>\n",
       "      <td>0</td>\n",
       "      <td>42.0</td>\n",
       "      <td>1.893</td>\n",
       "      <td>25</td>\n",
       "      <td>1</td>\n",
       "    </tr>\n",
       "  </tbody>\n",
       "</table>\n",
       "</div>"
      ],
      "text/plain": [
       "   Pregnancies  Glucose  BloodPressure  SkinThickness  Insulin   BMI  \\\n",
       "0            1       95             74             21       73  25.9   \n",
       "1            1       95             82             25      180  35.0   \n",
       "2            1       90             68              8        0  24.5   \n",
       "3            7      195             70             33      145  25.1   \n",
       "4            0      180             66             39        0  42.0   \n",
       "\n",
       "   DiabetesPedigreeFunction  Age  Outcome  \n",
       "0                     0.673   36        0  \n",
       "1                     0.233   43        1  \n",
       "2                     1.138   36        0  \n",
       "3                     0.163   55        1  \n",
       "4                     1.893   25        1  "
      ]
     },
     "execution_count": 2,
     "metadata": {},
     "output_type": "execute_result"
    }
   ],
   "source": [
    "#read the dataset into a pandas dataframe \n",
    "\n",
    "diabetesData = pd.read_csv('DiabetesTrain.csv')\n",
    "diabetesData.head()\n",
    "\n"
   ]
  },
  {
   "cell_type": "markdown",
   "id": "da24345f-cb2b-437b-af61-9d0067fd56af",
   "metadata": {
    "deletable": false,
    "editable": false
   },
   "source": [
    "**Q2.** Let us define the following events.\n",
    "\n",
    "A = Patient has BMI less than 25\n",
    "\n",
    "B = Patient has Glucose level greater than 100\n",
    "\n",
    "C = Patient has had more than 2 pregnancies\n",
    "\n",
    "D = Patient has high risk of diabetes\n",
    "\n",
    "Based on the above definitions determine the following probabilities. Pandas dataframe inbuilt functions such as count, group by, would be useful for this task."
   ]
  },
  {
   "cell_type": "code",
   "execution_count": 3,
   "id": "63382318-9b8d-4ea3-a74c-e3ac6ebbbc5d",
   "metadata": {},
   "outputs": [
    {
     "name": "stdout",
     "output_type": "stream",
     "text": [
      "P_D_A:  0.05084745762711865\n",
      "P_D_B:  0.48299319727891155\n",
      "P_D_C:  0.46976744186046504\n"
     ]
    }
   ],
   "source": [
    "# Compute the probability of diabetes\n",
    "\n",
    "# P(A) = probability of patient having BMI less than 25\n",
    "# P(A) = number of patients with BMI less than 25 / total number of patients\n",
    "P_A = diabetesData[diabetesData['BMI'] < 25].shape[0] / diabetesData.shape[0]\n",
    "\n",
    "# P(B) = probability of patient having Glucose level greater than 100\n",
    "# P(B) = number of patients with Glucose level greater than 100 / total number of patients\n",
    "P_B = diabetesData[diabetesData['Glucose'] > 100].shape[0] / diabetesData.shape[0]\n",
    "\n",
    "\n",
    "# P(C) = Patient has had more than 2 pregnancies\n",
    "# P(C) = number of patients with pregnancies > 2 / total number of patients\n",
    "P_C = diabetesData[diabetesData['Pregnancies'] > 2].shape[0] / diabetesData.shape[0]\n",
    "\n",
    "\n",
    "# P(D) = probability of patient has high risk of diabetes\n",
    "# P(D) = number of patients with high risk of diabetes / total number of patients\n",
    "P_D = diabetesData[diabetesData['Outcome'] == 1].shape[0] / diabetesData.shape[0]\n",
    "\n",
    "\n",
    "# P(A, D) = probability of patient having BMI less than 25 and has high risk of diabetes\n",
    "# P(A, D) = number of patients with BMI less than 25 and has high risk of diabetes / total number of patients\n",
    "P_A_D = diabetesData[(diabetesData['BMI'] < 25) & (diabetesData['Outcome'] == 1)].shape[0] / diabetesData.shape[0]\n",
    "\n",
    "\n",
    "# P(B, D) = probability of patient having Glucose level greater than 100 and has high risk of diabetes\n",
    "# P(B, D) = number of patients with Glucose level greater than 100 and has high risk of diabetes / total number of patients\n",
    "P_B_D = diabetesData[(diabetesData['Glucose'] > 100) & (diabetesData['Outcome'] == 1)].shape[0] / diabetesData.shape[0]\n",
    "\n",
    "\n",
    "# P(C, D) = probability of patient having more than 2 pregnancies and has high risk of diabetes\n",
    "# P(C, D) = number of patients with more than 2 pregnancies and has high risk of diabetes / total number of patients\n",
    "P_C_D = diabetesData[(diabetesData['Pregnancies'] > 2) & (diabetesData['Outcome'] == 1)].shape[0] / diabetesData.shape[0]\n",
    "\n",
    "\n",
    "#Indicate which one out of A, B, C contributes the most towards high risk of diabetes.\n",
    "#Assign one of 'A', 'B', 'C' to the following variable Q2, indicating your answer.\n",
    "#Hint: Compute the necessary conditional probabilities and then compare.\n",
    "\n",
    "# P(D|A) = P(A, D) / P(A)\n",
    "P_D_A = P_A_D / P_A\n",
    "\n",
    "# P(D|B) = P(B, D) / P(B)\n",
    "P_D_B = P_B_D / P_B\n",
    "\n",
    "# P(D|C) = P(C, D) / P(C)\n",
    "P_D_C = P_C_D / P_C\n",
    "\n",
    "print(\"P_D_A: \" , P_D_A)\n",
    "print(\"P_D_B: \" , P_D_B)\n",
    "print(\"P_D_C: \" , P_D_C)\n",
    "\n",
    "Q2 = 'B'"
   ]
  },
  {
   "cell_type": "markdown",
   "id": "c641a2bf-7add-415a-ae07-8e8d8f55fbcc",
   "metadata": {
    "deletable": false,
    "editable": false
   },
   "source": [
    "**Q3.** Now we will compute the covariance and correlation matrices from scratch. For this do not use any inbuilt functions. Follow the steps outlined below. Each step is graded."
   ]
  },
  {
   "cell_type": "markdown",
   "id": "e29ca493-d8c1-493b-a4f4-7e8f1cddc382",
   "metadata": {
    "deletable": false,
    "editable": false
   },
   "source": [
    "**Step1:** Convert the diabetesData dataframe into a 2-dimensional numpy array with the same number of rows and columns as in the dataframe. Name it diabetesX."
   ]
  },
  {
   "cell_type": "code",
   "execution_count": 4,
   "id": "25becf06",
   "metadata": {},
   "outputs": [],
   "source": [
    "# compute the covariance and correlation matrices from scratch"
   ]
  },
  {
   "cell_type": "code",
   "execution_count": 5,
   "id": "147f70c4-d19d-4e77-b69b-170bc7da8e37",
   "metadata": {},
   "outputs": [
    {
     "name": "stdout",
     "output_type": "stream",
     "text": [
      "[[  1.     95.     74.    ...   0.673  36.      0.   ]\n",
      " [  1.     95.     82.    ...   0.233  43.      1.   ]\n",
      " [  1.     90.     68.    ...   1.138  36.      0.   ]\n",
      " ...\n",
      " [  4.    146.     78.    ...   0.52   67.      1.   ]\n",
      " [ 15.    136.     70.    ...   0.153  43.      1.   ]\n",
      " [ 10.    101.     86.    ...   1.136  38.      1.   ]]\n"
     ]
    }
   ],
   "source": [
    "# convert the dataframe in to 2D numpy array\n",
    "diabetesX = diabetesData[['Pregnancies', 'Glucose', 'BloodPressure', 'SkinThickness', 'Insulin', 'BMI', 'DiabetesPedigreeFunction', 'Age', 'Outcome']].values\n",
    "print(diabetesX)"
   ]
  },
  {
   "cell_type": "markdown",
   "id": "33652ee2-79f0-4908-9c97-7f8a22ce9c51",
   "metadata": {
    "deletable": false,
    "editable": false
   },
   "source": [
    "**Step2:** In diabetesX; center every column, by subtracting each column by the column mean and reassign it to diabetesX."
   ]
  },
  {
   "cell_type": "code",
   "execution_count": 6,
   "id": "8a106986-e334-49ea-9259-9b2f53d4f50a",
   "metadata": {},
   "outputs": [
    {
     "name": "stdout",
     "output_type": "stream",
     "text": [
      "[[-2.84711779e+00 -2.69598997e+01  5.17543860e+00 ...  1.78518797e-01\n",
      "   3.07017544e+00 -3.78446115e-01]\n",
      " [-2.84711779e+00 -2.69598997e+01  1.31754386e+01 ... -2.61481203e-01\n",
      "   1.00701754e+01  6.21553885e-01]\n",
      " [-2.84711779e+00 -3.19598997e+01 -8.24561404e-01 ...  6.43518797e-01\n",
      "   3.07017544e+00 -3.78446115e-01]\n",
      " ...\n",
      " [ 1.52882206e-01  2.40401003e+01  9.17543860e+00 ...  2.55187970e-02\n",
      "   3.40701754e+01  6.21553885e-01]\n",
      " [ 1.11528822e+01  1.40401003e+01  1.17543860e+00 ... -3.41481203e-01\n",
      "   1.00701754e+01  6.21553885e-01]\n",
      " [ 6.15288221e+00 -2.09598997e+01  1.71754386e+01 ...  6.41518797e-01\n",
      "   5.07017544e+00  6.21553885e-01]]\n",
      "(399, 9)\n"
     ]
    }
   ],
   "source": [
    "# center the data by substracting the each column by its mean and reassing the centered data to diabetesX\n",
    "# use np.mean() with appropriate axis\n",
    "diabetesX = diabetesX - np.mean(diabetesX, axis=0)\n",
    "print(diabetesX)\n",
    "print(diabetesX.shape)\n",
    "\n",
    "\n",
    "#After centering\n",
    "#diabetesX = None"
   ]
  },
  {
   "cell_type": "markdown",
   "id": "b7bd1da1-6bfd-4aac-a80a-24226faf45da",
   "metadata": {
    "deletable": false,
    "editable": false
   },
   "source": [
    "**Step3:** Compute the covariance matrix. Use, matrix operations in numpy such as matrix multiplication, matrix transpose and don't forget to average. Assign it to the variable cov."
   ]
  },
  {
   "cell_type": "code",
   "execution_count": 7,
   "id": "06799e49-de01-424a-a660-1503ac9a023a",
   "metadata": {},
   "outputs": [
    {
     "name": "stdout",
     "output_type": "stream",
     "text": [
      "[[ 1.18437950e+01  2.33096589e+01  7.77518357e+00 -1.81496976e+00\n",
      "  -1.62017764e+01  2.08686754e+00 -9.69389640e-02  2.09516774e+01\n",
      "   4.06228604e-01]\n",
      " [ 2.33096589e+01  1.04421393e+03  4.81257969e+01  1.21142706e+01\n",
      "   1.37671420e+03  5.92543803e+01  1.28917218e+00  1.19766610e+02\n",
      "   7.12795774e+00]\n",
      " [ 7.77518357e+00  4.81257969e+01  3.76500550e+02  6.39711120e+01\n",
      "   2.18620543e+02  3.35492547e+01 -1.68399288e-01  3.78874379e+01\n",
      "   2.41832652e-01]\n",
      " [-1.81496976e+00  1.21142706e+01  6.39711120e+01  2.45721748e+02\n",
      "   8.47700171e+02  4.78454049e+01  8.22180131e-01 -1.91007783e+01\n",
      "   4.95505681e-01]\n",
      " [-1.62017764e+01  1.37671420e+03  2.18620543e+02  8.47700171e+02\n",
      "   1.51496065e+04  1.87034995e+02  6.20455494e+00  4.34146331e+01\n",
      "   8.43723343e+00]\n",
      " [ 2.08686754e+00  5.92543803e+01  3.35492547e+01  4.78454049e+01\n",
      "   1.87034995e+02  6.79717825e+01  3.34248439e-01  5.71433848e+00\n",
      "   1.23713042e+00]\n",
      " [-9.69389640e-02  1.28917218e+00 -1.68399288e-01  8.22180131e-01\n",
      "   6.20455494e+00  3.34248439e-01  1.17827668e-01  1.48873368e-01\n",
      "   2.55973392e-02]\n",
      " [ 2.09516774e+01  1.19766610e+02  3.78874379e+01 -1.91007783e+01\n",
      "   4.34146331e+01  5.71433848e+00  1.48873368e-01  1.30205602e+02\n",
      "   1.30976564e+00]\n",
      " [ 4.06228604e-01  7.12795774e+00  2.41832652e-01  4.95505681e-01\n",
      "   8.43723343e+00  1.23713042e+00  2.55973392e-02  1.30976564e+00\n",
      "   2.35224653e-01]]\n"
     ]
    }
   ],
   "source": [
    "# compute the covariance matrix of the centered data\n",
    "# use np.dot() and np.transpose() functions and by averaging over the number of samples\n",
    "cov = (diabetesX.T @ diabetesX) / diabetesX.shape[0]\n",
    "print(cov)\n"
   ]
  },
  {
   "cell_type": "markdown",
   "id": "3c55b04f-6ee0-4729-85ab-b0d798114ce7",
   "metadata": {
    "deletable": false,
    "editable": false
   },
   "source": [
    "**Step4:** Compute the matrix varmat, whose $(i, j)$ entry is $\\sqrt{var(i)var(j)}$, where $var(k)$ is the variance of the $k$th column of the diabetesX matrix. The varinces can be extracted from the covariance matrix itself appropriately and varmat can be computed by appropriate matrix multiplication of a column matrix and a row matrix."
   ]
  },
  {
   "cell_type": "code",
   "execution_count": 8,
   "id": "aabd144a-f091-4b1d-bf06-03fc574f8492",
   "metadata": {},
   "outputs": [
    {
     "name": "stdout",
     "output_type": "stream",
     "text": [
      "[[1.18437950e+01 1.11209063e+02 6.67772065e+01 5.39469925e+01\n",
      "  4.23590407e+02 2.83732947e+01 1.18132415e+00 3.92699433e+01\n",
      "  1.66911730e+00]\n",
      " [1.11209063e+02 1.04421393e+03 6.27014449e+02 5.06543258e+02\n",
      "  3.97736472e+03 2.66415244e+02 1.10922177e+01 3.68730936e+02\n",
      "  1.56724235e+01]\n",
      " [6.67772065e+01 6.27014449e+02 3.76500550e+02 3.04161755e+02\n",
      "  2.38827033e+03 1.59973165e+02 6.66049411e+00 2.21410209e+02\n",
      "  9.41074977e+00]\n",
      " [5.39469925e+01 5.06543258e+02 3.04161755e+02 2.45721748e+02\n",
      "  1.92940089e+03 1.29236780e+02 5.38078253e+00 1.78869640e+02\n",
      "  7.60261882e+00]\n",
      " [4.23590407e+02 3.97736472e+03 2.38827033e+03 1.92940089e+03\n",
      "  1.51496065e+04 1.01476389e+03 4.22497669e+01 1.40447984e+03\n",
      "  5.96955687e+01]\n",
      " [2.83732947e+01 2.66415244e+02 1.59973165e+02 1.29236780e+02\n",
      "  1.01476389e+03 6.79717825e+01 2.83001001e+00 9.40760694e+01\n",
      "  3.99857962e+00]\n",
      " [1.18132415e+00 1.10922177e+01 6.66049411e+00 5.38078253e+00\n",
      "  4.22497669e+01 2.83001001e+00 1.17827668e-01 3.91686385e+00\n",
      "  1.66481147e-01]\n",
      " [3.92699433e+01 3.68730936e+02 2.21410209e+02 1.78869640e+02\n",
      "  1.40447984e+03 9.40760694e+01 3.91686385e+00 1.30205602e+02\n",
      "  5.53421788e+00]\n",
      " [1.66911730e+00 1.56724235e+01 9.41074977e+00 7.60261882e+00\n",
      "  5.96955687e+01 3.99857962e+00 1.66481147e-01 5.53421788e+00\n",
      "  2.35224653e-01]]\n"
     ]
    }
   ],
   "source": [
    "# compute the varmat matrix\n",
    "\n",
    "var = np.diag(cov)\n",
    "varmat = np.sqrt(np.outer(var, var))\n",
    "\n",
    "print(varmat)\n"
   ]
  },
  {
   "cell_type": "markdown",
   "id": "ab33ea08-3037-45b1-918f-d0c737fc3725",
   "metadata": {
    "deletable": false,
    "editable": false
   },
   "source": [
    "**Step5:** Use the cov matrix and varmat matrix appropriately to compute the correlational matrix corr. And then use seaborn (sns imported above) to plot an annotated heatmap of the correlation matrix."
   ]
  },
  {
   "cell_type": "code",
   "execution_count": 9,
   "id": "62fc14db-d7f2-45dc-8ceb-919903ece94e",
   "metadata": {},
   "outputs": [
    {
     "name": "stdout",
     "output_type": "stream",
     "text": [
      "[[ 1.          0.20960215  0.11643469 -0.03364358 -0.03824869  0.07355041\n",
      "  -0.08205958  0.53352961  0.2433793 ]\n",
      " [ 0.20960215  1.          0.07675389  0.02391557  0.34613728  0.22241363\n",
      "   0.11622312  0.3248076   0.4548089 ]\n",
      " [ 0.11643469  0.07675389  1.          0.21031938  0.09153928  0.20971802\n",
      "  -0.0252833   0.17111875  0.02569749]\n",
      " [-0.03364358  0.02391557  0.21031938  1.          0.43935927  0.37021508\n",
      "   0.15279936 -0.10678603  0.06517566]\n",
      " [-0.03824869  0.34613728  0.09153928  0.43935927  1.          0.18431381\n",
      "   0.14685418  0.03091154  0.14133768]\n",
      " [ 0.07355041  0.22241363  0.20971802  0.37021508  0.18431381  1.\n",
      "   0.11810857  0.06074168  0.30939247]\n",
      " [-0.08205958  0.11622312 -0.0252833   0.15279936  0.14685418  0.11810857\n",
      "   1.          0.03800831  0.15375518]\n",
      " [ 0.53352961  0.3248076   0.17111875 -0.10678603  0.03091154  0.06074168\n",
      "   0.03800831  1.          0.2366668 ]\n",
      " [ 0.2433793   0.4548089   0.02569749  0.06517566  0.14133768  0.30939247\n",
      "   0.15375518  0.2366668   1.        ]]\n"
     ]
    },
    {
     "data": {
      "text/plain": [
       "<Axes: >"
      ]
     },
     "execution_count": 9,
     "metadata": {},
     "output_type": "execute_result"
    },
    {
     "data": {
